crossing time (s)	slope (V/s)	crossing number
4829.820262	-15.468923	35
4830.841736	-15.695075	36
4831.896604	-15.951033	37
4832.913261	-16.109430	38
4833.963240	-15.117443	39
4834.986571	-15.593502	40
4836.024269	-15.507024	41
4837.057674	-15.978548	42
4838.097132	-15.495612	43
4839.125158	-15.345877	44
4840.170924	-15.413648	45
4841.189519	-15.778238	46
4842.243860	-15.486901	47
4843.261059	-15.739306	48
4844.309138	-15.175543	49
4845.336981	-15.625370	50
4846.375438	-15.267041	51
4847.408035	-15.564967	52
4848.442089	-15.054844	53
4849.477789	-15.447089	54
4850.515421	-15.457583	55
4851.548551	-15.275355	56
4852.585139	-15.097862	57
4853.613242	-15.360556	58
4854.656008	-15.332943	59
4855.685308	-15.048901	60
4856.728442	-15.255055	61
4857.753812	-15.168701	62
4858.796697	-15.263081	63
4859.824100	-15.070934	64
4860.866027	-15.410885	65
4861.894998	-15.219036	66
4862.934114	-15.258650	67
4863.966987	-15.366415	68
4865.002252	-14.910065	69
4866.037854	-15.172500	70
4867.073303	-14.615581	71
4868.102454	-15.390970	72
4869.147577	-14.824432	73
4870.168876	-15.339931	74
4871.221914	-14.772107	75
4872.235573	-15.045953	76
4873.290434	-14.965967	77
4874.308282	-14.943762	78
4875.354167	-14.916706	79
4876.386551	-14.540812	80
4877.418193	-14.948011	81
4878.455371	-15.057218	82
4879.490373	-14.706962	83
4880.521845	-15.111096	84
4881.567297	-14.424280	85
4882.584949	-15.110853	86
4883.639738	-14.472397	87
4884.654849	-14.816082	88
4885.708907	-14.699359	89
4886.727592	-15.157628	90
4887.777987	-14.938378	91
4888.797776	-14.658339	92
4889.843954	-14.896951	93
4890.872919	-14.947933	94
4891.911537	-14.531072	95
4892.946066	-14.785699	96
4893.978929	-14.632817	97
4895.013098	-14.642281	98
4896.048765	-14.568350	99
4897.081675	-14.866133	100
4898.117933	-14.618549	101
4899.154048	-14.666137	102
4900.189406	-14.696264	103
4901.223350	-14.766442	104
4902.257997	-14.327491	105
4903.291915	-14.659966	106
4904.329520	-14.483356	107
4905.360241	-14.445621	108
4906.403357	-14.345424	109
4907.426032	-14.399004	110
4908.476302	-14.288077	111
4909.492619	-14.432785	112
4910.547660	-14.204856	113
4911.561878	-14.340770	114
4912.617377	-14.285989	115
4913.635953	-14.251679	116
4914.682014	-13.972309	117
4915.708851	-14.486814	118
4916.748379	-14.111786	119
4917.780420	-14.668384	120
4918.818192	-14.124887	121
4919.849868	-14.456749	122
4920.888421	-14.350375	123
4921.916835	-14.304494	124
4922.962775	-14.022580	125
4923.983046	-14.170484	126
4925.033628	-14.123631	127
4926.048914	-14.419139	128
4927.106198	-13.767979	129
4928.118951	-14.329879	130
4929.174326	-13.933554	131
4930.190226	-14.337523	132
4931.242287	-13.718475	133
4932.262471	-14.189276	134
4933.309849	-13.824660	135
4934.332927	-14.172321	136
4935.378139	-13.528648	137
4936.406204	-14.171024	138
4937.446306	-13.609038	139
4938.475376	-14.008828	140
4939.518860	-13.556741	141
4940.544375	-14.206558	142
4941.589137	-13.432190	143
4942.610084	-13.888097	144
4943.660535	-13.359732	145
4944.677702	-14.068940	146
4945.732004	-13.617306	147
4946.746903	-14.021584	148
4947.803858	-13.652167	149
4948.814207	-13.877339	150
4949.871894	-13.596935	151
4950.889298	-13.749493	152
4951.938971	-13.681282	153
4952.957846	-13.665332	154
4954.006294	-13.773211	155
4955.034017	-13.725007	156
4956.072399	-13.665935	157
4957.105555	-13.772858	158
4958.141385	-13.551287	159
4959.173547	-13.804001	160
4960.212028	-13.393577	161
4961.241258	-14.116347	162
4962.284493	-13.244672	163
4963.304964	-14.122505	164
4964.357549	-13.352758	165
4965.371942	-13.776874	166
4966.429454	-13.322465	167
4967.443357	-13.848291	168
4968.498033	-13.245692	169
4969.514666	-13.614444	170
4970.568225	-13.483162	171
4971.581936	-13.439901	172
4972.634609	-13.648334	173
4973.652907	-13.331248	174
4974.705249	-13.661874	175
4975.726457	-13.565271	176
4976.776142	-13.417432	177
4977.795388	-13.420735	178
4978.845328	-13.303819	179
4979.863661	-13.435114	180
4980.915133	-13.108636	181
4981.933315	-13.314964	182
4982.987249	-13.263453	183
4984.000222	-13.321961	184
4985.058405	-13.253543	185
4986.070615	-13.361741	186
4987.126814	-13.276142	187
4988.140714	-13.516065	188
4989.195225	-12.959753	189
4990.212181	-13.338894	190
4991.262073	-12.877441	191
4992.286736	-13.370688	192
4993.328497	-12.886132	193
4994.358604	-13.242483	194
4995.397433	-13.121654	195
4996.430033	-13.366688	196
4997.463987	-12.997499	197
4998.498952	-13.281410	198
4999.534973	-12.967172	199
5000.567414	-13.189135	200
5001.608379	-13.091067	201
5002.633500	-13.245923	202
5003.678268	-12.973679	203
5004.703877	-12.955225	204
5005.752526	-12.909701	205
5006.767912	-13.021119	206
5007.823202	-12.876401	207
5008.837943	-13.044481	208
5009.892397	-12.668487	209
5010.906757	-12.790456	210
5011.963408	-12.785129	211
5012.975439	-13.081787	212
5014.034298	-12.670969	213
5015.045385	-13.061076	214
5016.103523	-12.621021	215
5017.117502	-12.956159	216
5018.172146	-12.795053	217
5019.185417	-12.851660	218
5020.241246	-12.655259	219
5021.253936	-12.775849	220
5022.311252	-12.715086	221
5023.321763	-12.815577	222
5024.382832	-12.574730	223
5025.396513	-12.755525	224
5026.450452	-12.827023	225
5027.468025	-12.858264	226
5028.519885	-12.837642	227
5029.536887	-12.672470	228
5030.585205	-12.810691	229
5031.609580	-12.781993	230
5032.652367	-12.532421	231
5033.683482	-12.605721	232
5034.719275	-12.522285	233
5035.753928	-12.748501	234
5036.787391	-12.478980	235
5037.822478	-12.729167	236
5038.859808	-12.425217	237
5039.889921	-12.811243	238
5040.931692	-12.331477	239
5041.957777	-12.810268	240
5043.004140	-12.078056	241
5044.024099	-12.648583	242
5045.077353	-12.141107	243
5046.093328	-12.738381	244
5047.150245	-12.297191	245
5048.163529	-12.535159	246
5049.217159	-12.397870	247
5050.231636	-12.485937	248
5051.289065	-12.305289	249
5052.299741	-12.457752	250
5053.356745	-12.265294	251
5054.369171	-12.455614	252
5055.427300	-12.076429	253
5056.437024	-12.432605	254
5057.498435	-12.264844	255
5058.508980	-12.443582	256
5059.567353	-12.079395	257
5060.577588	-12.427647	258
5061.636659	-12.048502	259
5062.651391	-12.348108	260
5063.702204	-12.062373	261
5064.718739	-12.365114	262
5065.773490	-12.069411	263
5066.789535	-12.351233	264
5067.839016	-12.082793	265
5068.861463	-12.488479	266
5069.909525	-11.937564	267
5070.934427	-12.198577	268
5071.976443	-11.946614	269
5073.005691	-12.579184	270
5074.042406	-12.080111	271
5075.076207	-12.308138	272
5076.111077	-11.990447	273
5077.148362	-12.317676	274
5078.182775	-12.293044	275
5079.215524	-12.164559	276
5080.256276	-12.092156	277
5081.283714	-12.184168	278
5082.327029	-12.026292	279
5083.349918	-12.042416	280
5084.396103	-11.948770	281
5085.419570	-11.862658	282
5086.468895	-12.152718	283
5087.487517	-12.077084	284
5088.539515	-11.883434	285
5089.556015	-11.947249	286
5090.608868	-11.858203	287
5091.626606	-11.943194	288
5092.678988	-12.051187	289
5093.693855	-11.956388	290
5094.750727	-11.666330	291
5095.762014	-11.877162	292
5096.816932	-11.881727	293
5097.832358	-11.891455	294
5098.889082	-11.890730	295
5099.902299	-11.748925	296
5100.958597	-11.853630	297
5101.975138	-11.836935	298
5103.025783	-11.792815	299
5104.046066	-11.796061	300
5105.095133	-11.735738	301
5106.114949	-11.692859	302
5107.161772	-11.716990	303
5108.187879	-11.651918	304
5109.230370	-11.938921	305
5110.260230	-11.750517	306
5111.297397	-11.832764	307
5112.330852	-11.626308	308
5113.365847	-11.494673	309
5114.399826	-11.698830	310
5115.435626	-11.426156	311
5116.467887	-11.771285	312
5117.506765	-11.264234	313
5118.534368	-11.975862	314
5119.579193	-12.039134	315
5120.603220	-11.937254	316
5121.651569	-11.194009	317
5122.671862	-11.879846	318
5123.719485	-11.337390	319
5124.740613	-11.755353	320
5125.790991	-11.515990	321
5126.807284	-12.166674	322
5127.867323	-10.988150	323
5128.875952	-11.691132	324
5129.934166	-11.328584	325
5130.945564	-11.622310	326
5132.004076	-11.380025	327
5133.012309	-11.608693	328
