time (s)	theta (A)	maj axis/z0	min axis/z0	crossing#mod 255
4829.820608	137.198639	1.030223	-0.107233	35
4831.895190	138.629684	1.030873	-0.108870	37
4833.962148	137.849930	1.038313	-0.111846	39
4836.026217	136.151459	1.038253	-0.110706	41
4838.096533	135.944626	1.027208	-0.106592	43
4840.172791	137.570465	1.019916	-0.106386	45
4842.244447	138.083664	1.024632	-0.109277	47
4844.310827	137.138611	1.030048	-0.110353	49
4846.375510	136.047699	1.029923	-0.110030	51
4848.444070	135.650772	1.026868	-0.108785	53
4850.514606	135.808670	1.024534	-0.108028	55
4852.586428	136.010925	1.022009	-0.108746	57
4854.657465	136.242081	1.020662	-0.108630	59
4856.727695	136.311890	1.020479	-0.108996	61
4858.796783	136.206802	1.020658	-0.109057	63
4860.864999	136.000076	1.020954	-0.108808	65
4862.933055	135.930008	1.021295	-0.109045	67
4865.001774	135.863510	1.017922	-0.109555	69
4867.073052	135.788177	1.012891	-0.110483	71
4869.147589	135.598206	1.009887	-0.110657	73
4871.221305	135.697968	1.012012	-0.109981	75
4873.290344	135.908066	1.016935	-0.108641	77
4875.354996	135.903961	1.015847	-0.107983	79
4877.420521	135.755783	1.010919	-0.108734	81
4879.491727	135.429245	1.003047	-0.110553	83
4881.566762	135.175430	1.001565	-0.110818	85
4883.640046	135.383347	1.005964	-0.109907	87
4885.709024	135.632019	1.008003	-0.109471	89
4887.776290	135.543350	1.006876	-0.108874	91
4889.842745	135.241760	1.005059	-0.108760	93
4891.909950	134.930099	1.005142	-0.109316	95
4893.979482	134.657623	1.003805	-0.109359	97
4896.048556	134.414536	1.002470	-0.109504	99
4898.118361	134.273621	1.001285	-0.109267	101
4900.188257	134.086868	0.999999	-0.109331	103
4902.258790	134.014374	0.998212	-0.109025	105
4904.330107	134.055099	0.995283	-0.108591	107
4906.402386	134.485428	0.990744	-0.108597	109
4908.475376	135.134537	0.988355	-0.108693	111
4910.547251	135.483994	0.989241	-0.109161	113
4912.616192	135.202972	0.991773	-0.110140	115
4914.682297	134.415329	0.992537	-0.110122	117
4916.747598	133.528397	0.993627	-0.109732	119
4918.815677	132.989227	0.991564	-0.108720	121
4920.888016	133.206406	0.987204	-0.107720	123
4922.961691	134.095947	0.981957	-0.107414	125
4925.034809	134.726379	0.981870	-0.108579	127
4927.105322	134.729065	0.983325	-0.109321	129
4929.174186	134.350266	0.982624	-0.109226	131
4931.242226	133.829620	0.981857	-0.108714	133
4933.310065	133.498428	0.981820	-0.109149	135
4935.378664	133.283554	0.980501	-0.109064	137
4937.448039	133.169586	0.978970	-0.109226	139
4939.518015	133.120453	0.976420	-0.108990	141
4941.588777	132.985870	0.973289	-0.108976	143
4943.660079	133.096161	0.972265	-0.108656	145
4945.731673	133.143723	0.971108	-0.108578	147
4947.802636	133.258820	0.972255	-0.108552	149
4949.872144	133.303741	0.973038	-0.107865	151
4951.939453	133.171478	0.973670	-0.107831	153
4954.005395	132.892242	0.974163	-0.107427	155
4956.071869	132.656769	0.972665	-0.107790	157
4958.140317	132.476257	0.967000	-0.107734	159
4960.211956	132.357666	0.962678	-0.108326	161
4962.285293	132.283615	0.961306	-0.108661	163
4964.358524	132.341187	0.962815	-0.108310	165
4966.430146	132.578537	0.963826	-0.108126	167
4968.500127	132.743622	0.963254	-0.107856	169
4970.568827	132.684891	0.961368	-0.107509	171
4972.637840	132.635254	0.958573	-0.106686	173
4974.706554	132.565796	0.957863	-0.106955	175
4976.775860	132.476624	0.958369	-0.107068	177
4978.845877	132.443832	0.956077	-0.106934	179
4980.916257	312.505463	-0.955070	0.106693	181
4982.986957	132.541687	0.954690	-0.106952	183
4985.057581	132.595764	0.952360	-0.106857	185
4987.127547	132.557495	0.952903	-0.106800	187
4989.196167	132.231827	0.951461	-0.106839	189
4991.263312	131.737793	0.951059	-0.106739	191
4993.329553	131.144363	0.951962	-0.106913	193
4995.396388	130.634842	0.952348	-0.106267	195
4997.465299	130.350021	0.950984	-0.105658	197
4999.536004	130.317459	0.949329	-0.105544	199
5001.608193	130.633591	0.945681	-0.104998	201
5003.680948	131.137360	0.941895	-0.105050	203
5005.752731	131.530655	0.940527	-0.105631	205
5007.823874	131.689636	0.938889	-0.105739	207
5009.894346	131.649109	0.938033	-0.105553	209
5011.964019	131.454987	0.937489	-0.105333	211
5014.033501	131.266937	0.936730	-0.104873	213
5016.103092	131.118347	0.935964	-0.104890	215
5018.173027	131.041992	0.934021	-0.105005	217
5020.242876	130.920227	0.933144	-0.104545	219
5022.312394	310.799500	-0.932534	0.104466	221
5024.381284	310.814240	-0.932543	0.104616	223
5026.450240	130.666199	0.932713	-0.104312	225
5028.517705	130.483963	0.932399	-0.104203	227
5030.585107	310.208374	-0.933137	0.103852	229
5032.652041	129.890320	0.933534	-0.103706	231
5034.719768	129.792511	0.932317	-0.103714	233
5036.788878	129.593842	0.929511	-0.104708	235
5038.859407	129.566422	0.925690	-0.104316	237
5040.931443	309.542358	-0.924017	0.104887	239
5043.004024	309.485382	-0.922730	0.104780	241
5045.076018	309.574799	-0.922735	0.104517	243
5047.147292	129.735687	0.921629	-0.104243	245
5049.217896	129.850388	0.920748	-0.104192	247
5051.287844	309.896606	-0.919614	0.103624	249
5053.357656	129.947525	0.919710	-0.103960	251
5055.427282	309.875397	-0.918562	0.104034	253
5057.496694	309.886383	-0.916645	0.103372	255
5059.566490	309.850891	-0.915505	0.103526	1
5061.636075	309.789948	-0.913124	0.103036	3
5063.705706	129.625824	0.912604	-0.102885	5
5065.774267	129.430084	0.912651	-0.102892	7
5067.842032	309.039124	-0.913193	0.103102	9
5069.908875	128.661682	0.913673	-0.103175	11
5071.975782	128.328720	0.913164	-0.102708	13
5074.043825	127.983383	0.913534	-0.102488	15
5076.112588	127.740433	0.912900	-0.101961	17
5078.182527	127.660835	0.911396	-0.101825	19
5080.253669	127.781181	0.909968	-0.101443	21
5082.325343	127.934227	0.906650	-0.101477	23
5084.397286	128.275314	0.904306	-0.101403	25
5086.468382	308.490326	-0.902844	0.101221	27
5088.539256	128.663452	0.902252	-0.101422	29
5090.609771	308.660461	-0.901438	0.101347	31
5092.679932	308.615173	-0.900186	0.101091	33
5094.749615	128.555145	0.899273	-0.100616	35
5096.819163	308.472687	-0.897401	0.100754	37
5098.888110	308.266174	-0.898632	0.100730	39
5100.956942	308.159607	-0.899287	0.100687	41
5103.025453	307.959808	-0.898601	0.100401	43
5105.093460	307.749969	-0.898661	0.100041	45
5107.161378	307.496338	-0.899190	0.099648	47
5109.228870	307.255402	-0.897909	0.099687	49
5111.296784	307.133759	-0.897064	0.099274	51
5113.365741	307.005646	-0.895857	0.099797	53
5115.435398	306.943787	-0.893009	0.099905	55
5117.505894	306.856720	-0.889482	0.100001	57
5119.578200	126.887207	0.887288	-0.099241	59
5121.649159	306.867157	-0.886088	0.099677	61
5123.721381	306.857544	-0.885399	0.099955	63
5125.792257	306.938141	-0.885605	0.099825	65
5127.862223	307.064758	-0.884914	0.099340	67
5129.933696	307.090759	-0.883392	0.099439	69
5132.003480	307.140137	-0.882661	0.099082	71
