time (s)	theta (A)	maj axis/z0	min axis/z0	crossing#mod 255
6849.196355	132.671265	1.010715	0.128615	173
6851.267212	132.550766	1.009655	0.128322	175
6853.338487	132.573792	1.007038	0.128345	177
6855.408819	132.531815	1.005958	0.128274	179
6857.480824	132.431595	1.003107	0.128202	181
6859.550715	132.539185	1.003295	0.127694	183
6861.618748	132.709198	1.005357	0.127523	185
6863.685731	132.877151	1.006776	0.127129	187
6865.752174	133.263245	1.005584	0.126349	189
6867.818938	133.518875	1.006039	0.125634	191
6869.889245	133.477692	1.003212	0.125418	193
6871.961555	133.215012	0.997532	0.124642	195
6874.034903	133.210068	0.993605	0.124903	197
6876.106587	133.187363	0.991781	0.124428	199
6878.178124	133.034149	0.991739	0.123707	201
6880.248314	132.966797	0.991627	0.123831	203
6882.316831	132.982483	0.993281	0.123655	205
6884.386079	132.972427	0.992634	0.123420	207
6886.455220	133.048447	0.991156	0.122923	209
6888.524219	133.131607	0.989300	0.122779	211
6890.594511	133.076767	0.987585	0.122361	213
6892.664844	132.991013	0.986885	0.121713	215
6894.735760	132.947784	0.985705	0.121538	217
6896.805697	133.012802	0.985527	0.121362	219
6898.875042	133.194534	0.985682	0.121298	221
6900.943564	133.593201	0.984979	0.120686	223
6903.010160	134.123367	0.986506	0.120619	225
6905.077071	134.748627	0.986644	0.119737	227
6907.144644	135.167572	0.983940	0.119224	229
6909.213868	135.283829	0.979303	0.118871	231
6911.284828	134.973602	0.975924	0.118584	233
6913.357429	134.386627	0.974377	0.118628	235
6915.429516	133.905029	0.974954	0.118636	237
6917.501507	133.664536	0.975798	0.118568	239
6919.572309	133.594910	0.975904	0.118198	241
6921.642916	133.791626	0.974065	0.118008	243
6923.712342	133.998734	0.973467	0.117733	245
6925.781914	134.158508	0.971702	0.117184	247
6927.851560	134.279221	0.970759	0.116909	249
6929.921173	134.334961	0.969863	0.116499	251
6931.991385	134.369263	0.967903	0.116496	253
6934.060890	134.492859	0.968187	0.116176	255
6936.129928	134.564194	0.967023	0.115969	1
6938.197934	134.711273	0.966919	0.115696	3
6940.265212	134.987534	0.967519	0.115439	5
6942.331510	135.314102	0.968403	0.115072	7
6944.399708	135.535019	0.966997	0.114289	9
6946.468201	135.623413	0.965480	0.113550	11
6948.538547	135.626419	0.963903	0.112805	13
6950.610273	135.471146	0.960326	0.112695	15
6952.682367	135.400986	0.956340	0.112456	17
6954.754196	135.381790	0.953647	0.111983	19
6956.826242	135.283081	0.952053	0.111476	21
6958.896996	135.288177	0.949718	0.110859	23
6960.966920	135.257782	0.950123	0.110807	25
6963.036856	135.131317	0.950321	0.110917	27
6965.106581	135.023407	0.949157	0.110655	29
6967.176278	135.112244	0.948632	0.110380	31
6969.246045	135.123032	0.948221	0.110168	33
6971.315214	135.238068	0.947998	0.109864	35
6973.384754	135.292679	0.947298	0.109620	37
6975.453618	135.458786	0.948113	0.109485	39
6977.522119	135.773865	0.948270	0.109267	41
6979.589701	136.106216	0.948867	0.108705	43
6981.657077	136.446701	0.949771	0.108520	45
6983.724533	136.853119	0.948946	0.108043	47
6985.792580	137.110336	0.947431	0.107478	49
6987.862328	137.208618	0.945203	0.107473	51
6989.932493	137.064087	0.942375	0.107272	53
6992.003971	136.720856	0.939630	0.107026	55
6994.075826	136.337219	0.937328	0.106781	57
6996.147533	136.014648	0.933855	0.105570	59
6998.218781	135.907242	0.931780	0.105390	61
7000.289642	135.913803	0.932337	0.105503	63
7002.359914	135.961578	0.933307	0.105535	65
7004.429871	136.011566	0.933360	0.105455	67
7006.499579	136.097137	0.930433	0.104775	69
7008.568927	136.208633	0.928758	0.104422	71
7010.638078	136.426254	0.927971	0.103960	73
7012.706949	136.398926	0.927569	0.103228	75
7014.775623	136.633301	0.928369	0.103754	77
7016.843619	136.804276	0.927678	0.103508	79
7018.910861	137.046280	0.928692	0.103521	81
7020.978676	137.347015	0.928829	0.102968	83
7023.046595	137.544678	0.928800	0.102469	85
7025.115565	137.556992	0.927599	0.101607	87
7027.185476	137.546616	0.926035	0.101420	89
7029.256726	137.437714	0.923542	0.100392	91
7031.327987	137.316162	0.921105	0.100330	93
7033.399260	137.391541	0.918779	0.099918	95
7035.471088	137.345886	0.918544	0.099676	97
7037.541988	137.304901	0.916548	0.099244	99
7039.612591	137.271774	0.915227	0.098565	101
7041.682886	137.221970	0.914261	0.098517	103
7043.752787	137.213364	0.914802	0.098248	105
7045.822477	137.222778	0.914722	0.097913	107
7047.892051	137.318802	0.913699	0.097903	109
7049.961046	137.309525	0.913602	0.097804	111
7052.029938	137.476883	0.911793	0.097177	113
7054.098250	137.639603	0.910962	0.096511	115
7056.166634	137.821045	0.910581	0.096166	117
7058.234570	138.098831	0.909945	0.095427	119
7060.302125	138.371170	0.909810	0.095521	121
7062.369919	138.618698	0.908451	0.094798	123
7064.438965	138.837372	0.906690	0.094434	125
7066.508591	318.928619	-0.903962	-0.094262	127
7068.578409	318.843964	-0.901868	-0.094038	129
7070.649556	318.671478	-0.900012	-0.093919	131
7072.720875	318.387238	-0.899671	-0.094007	133
7074.791918	318.112854	-0.899730	-0.093784	135
7076.863047	317.943573	-0.900355	-0.093977	137
7078.933797	317.850433	-0.900421	-0.093910	139
7081.004511	137.877533	0.900190	0.094177	141
7083.074309	317.853607	-0.899132	-0.093355	143
7085.144099	137.935104	0.898218	0.092708	145
7087.213559	318.008057	-0.895516	-0.092706	147
7089.282648	318.105499	-0.894191	-0.092048	149
7091.351289	318.292999	-0.892458	-0.091692	151
7093.419712	318.400330	-0.891178	-0.090986	153
7095.487970	318.630981	-0.891878	-0.090697	155
7097.555966	138.809052	0.892307	0.090377	157
7099.623597	139.017151	0.892261	0.089392	159
7101.692101	139.118790	0.891056	0.089722	161
7103.761046	319.229401	-0.890204	-0.088673	163
7105.830727	139.188385	0.889299	0.088242	165
7107.901074	319.132477	-0.887228	-0.087915	167
7109.972313	319.097412	-0.885724	-0.087431	169
7112.043343	319.034454	-0.883699	-0.087371	171
7114.114305	319.022491	-0.881893	-0.087034	173
7116.185401	319.009338	-0.880739	-0.086561	175
7118.256148	139.039459	0.880085	0.086467	177
7120.326482	139.029892	0.879847	0.086551	179
7122.396559	139.023300	0.879881	0.085982	181
7124.466203	139.002274	0.878189	0.085612	183
7126.535416	139.117447	0.877441	0.085236	185
7128.604519	139.124191	0.877009	0.084800	187
7130.673532	139.243652	0.876453	0.084403	189
7132.741821	319.400055	-0.875607	-0.083907	191
7134.810371	139.562851	0.875420	0.083655	193
7136.878045	319.714111	-0.876627	-0.083301	195
7138.946307	319.925690	-0.874559	-0.082746	197
7141.014854	320.077637	-0.874163	-0.082370	199
7143.083473	320.247955	-0.872361	-0.082032	201
7145.152895	140.246109	0.870195	0.081654	203
7147.223032	320.275543	-0.868598	-0.081260	205
7149.293476	320.180145	-0.867358	-0.081138	207
7151.364341	320.034943	-0.865325	-0.081021	209
7153.435274	319.816895	-0.863680	-0.080391	211
7155.506083	319.664581	-0.863743	-0.080655	213
7157.576800	319.556244	-0.864089	-0.080282	215
7159.647043	319.512177	-0.862862	-0.080180	217
7161.716655	319.516083	-0.861958	-0.079686	219
