crossing time (s)	slope (V/s)	crossing number
3335.776965	-10.614578	1424
3336.829109	-11.817254	1425
3337.845787	-10.340480	1426
3338.898335	-11.434783	1427
3339.919806	-11.062856	1428
3340.962544	-11.001599	1429
3341.995577	-10.953152	1430
3343.031463	-11.825329	1431
3344.064788	-10.355312	1432
3345.100084	-11.014140	1433
3346.134198	-11.127429	1434
3347.169668	-10.896135	1435
3348.201412	-11.037676	1436
3349.239539	-11.210917	1437
3350.269736	-10.761000	1438
3351.314805	-11.184681	1439
3352.336516	-11.201752	1440
3353.385253	-10.576643	1441
3354.404200	-11.016752	1442
3355.456909	-11.150286	1443
3356.470665	-10.601731	1444
3357.528641	-11.343490	1445
3358.540538	-11.222437	1446
3359.597102	-10.545819	1447
3360.609022	-10.307883	1448
3361.669528	-11.255344	1449
3362.679483	-10.562212	1450
3363.738232	-11.080248	1451
3364.751263	-10.913048	1452
3365.806693	-10.885865	1453
3366.818810	-10.291421	1454
3367.879642	-11.311964	1455
3368.886310	-11.224179	1456
3369.948738	-10.586221	1457
3370.958089	-10.266035	1458
3372.016025	-11.105291	1459
3373.027727	-10.989228	1460
3374.086222	-10.483381	1461
3375.099866	-10.814274	1462
3376.152251	-10.969894	1463
3377.168067	-10.601264	1464
3378.220662	-10.780753	1465
3379.241992	-10.912473	1466
3380.288791	-10.664376	1467
3381.315019	-10.454385	1468
3382.357503	-10.600711	1469
3383.386063	-11.021147	1470
3384.424328	-10.783836	1471
3385.455777	-10.322643	1472
3386.493307	-10.674468	1473
3387.528285	-10.782768	1474
3388.562286	-10.579995	1475
3389.596048	-10.111855	1476
3390.633396	-10.973286	1477
3391.664859	-10.549308	1478
3392.702512	-10.828189	1479
3393.732169	-10.334271	1480
3394.777039	-11.377603	1481
3395.798699	-10.315748	1482
3396.848814	-10.628388	1483
3397.868285	-10.153097	1484
3398.916888	-10.878281	1485
3399.934239	-10.157167	1486
3400.988183	-10.888645	1487
3402.005263	-10.265012	1488
3403.058433	-10.897188	1489
3404.071557	-10.039069	1490
3405.131195	-10.890124	1491
3406.143293	-10.262826	1492
3407.197739	-10.687425	1493
3408.212405	-10.113271	1494
3409.268197	-11.036301	1495
3410.282738	-10.025305	1496
3411.335528	-10.770112	1497
3412.353375	-10.086236	1498
3413.403389	-10.883984	1499
3414.424575	-9.878084	1500
3415.471939	-11.022644	1501
3416.496604	-9.976946	1502
3417.539705	-10.658744	1503
3418.568808	-10.157724	1504
3419.605832	-10.708146	1505
3420.639866	-10.023780	1506
3421.673604	-10.748920	1507
3422.708257	-10.340743	1508
3423.745210	-10.610165	1509
3424.779835	-10.241007	1510
3425.815234	-10.612580	1511
3426.848835	-10.305432	1512
3427.886806	-10.441044	1513
3428.918744	-10.448932	1514
3429.954678	-10.491430	1515
3430.985356	-10.235654	1516
3432.029095	-10.167387	1517
3433.052607	-10.314739	1518
3434.100709	-10.337048	1519
3435.121676	-10.472875	1520
3436.170735	-10.304000	1521
3437.189335	-10.229256	1522
3438.240760	-10.189683	1523
3439.256733	-10.105351	1524
3440.313096	-10.312854	1525
3441.325686	-10.152511	1526
3442.381621	-10.154890	1527
3443.395118	-10.048982	1528
3444.453671	-10.407713	1529
3445.463773	-10.262580	1530
3446.521440	-10.134316	1531
3447.533512	-10.057871	1532
3448.591197	-10.311399	1533
3449.603772	-10.047377	1534
3450.660784	-10.181192	1535
3451.674925	-10.209700	1536
3452.727889	-10.037465	1537
3453.744376	-9.923727	1538
3454.795075	-10.164142	1539
3455.816220	-10.144744	1540
3456.864811	-9.932744	1541
3457.889302	-9.983790	1542
3458.929552	-10.130098	1543
3459.959905	-10.018000	1544
3460.999943	-10.162852	1545
3462.030563	-10.052990	1546
3463.067200	-10.077867	1547
3464.100836	-9.932572	1548
3465.136824	-10.126063	1549
3466.170957	-9.980564	1550
3467.206969	-10.229416	1551
3468.240985	-9.701406	1552
3469.274258	-10.124087	1553
3470.310164	-9.807187	1554
3471.346583	-10.188678	1555
3472.377026	-9.530735	1556
3473.418170	-10.113929	1557
3474.447398	-9.623027	1558
3475.489002	-10.332345	1559
3476.513381	-9.551119	1560
3477.557527	-10.254087	1561
3478.583267	-9.534791	1562
3479.629187	-10.165927	1563
3480.651061	-9.541744	1564
3481.699159	-10.212316	1565
3482.719575	-9.590822	1566
3483.770403	-10.187329	1567
3484.789035	-9.441364	1568
3485.840123	-10.033649	1569
3486.859732	-9.425420	1570
3487.909132	-10.166001	1571
3488.928320	-9.539964	1572
3489.975431	-10.151281	1573
3490.999047	-9.457153	1574
3492.046597	-10.207398	1575
3493.071199	-9.412677	1576
3494.115101	-10.044280	1577
3495.141226	-9.464634	1578
3496.181667	-10.020187	1579
3497.212629	-9.432805	1580
3498.250191	-9.968427	1581
3499.282456	-9.488895	1582
3500.318617	-9.836325	1583
3501.354267	-9.485689	1584
3502.387690	-9.918104	1585
3503.424031	-9.514745	1586
3504.456340	-9.902773	1587
3505.493527	-9.705394	1588
3506.527931	-9.903856	1589
3507.563017	-9.656177	1590
3508.599189	-9.545078	1591
3509.631118	-9.631159	1592
3510.666531	-9.663493	1593
3511.696947	-9.600080	1594
3512.738887	-9.715473	1595
3513.767276	-9.660228	1596
3514.810609	-9.537215	1597
3515.833461	-9.452845	1598
3516.881843	-9.421902	1599
3517.903274	-9.642774	1600
3518.949300	-9.554207	1601
3519.972532	-9.481106	1602
3521.021673	-9.473877	1603
3522.040926	-9.508623	1604
3523.090973	-9.624176	1605
3524.110478	-9.546635	1606
3525.161629	-9.615912	1607
3526.180173	-9.450356	1608
3527.231799	-9.353914	1609
3528.251762	-9.541243	1610
3529.299940	-9.360847	1611
3530.320516	-9.468483	1612
3531.369889	-9.654819	1613
3532.389731	-9.697845	1614
3533.437813	-9.527580	1615
3534.462502	-9.580374	1616
3535.503582	-9.398809	1617
3536.529543	-9.506641	1618
3537.571901	-9.500298	1619
3538.604272	-9.473191	1620
3539.640237	-9.435532	1621
3540.673721	-9.400204	1622
3541.711641	-9.284452	1623
3542.743342	-9.277625	1624
3543.778385	-9.425352	1625
3544.813395	-9.265534	1626
3545.848570	-9.599079	1627
3546.883879	-9.298972	1628
3547.918659	-9.686989	1629
3548.953643	-9.216480	1630
3549.989856	-9.503877	1631
3551.025653	-8.820399	1632
3552.057347	-9.585137	1633
3553.091518	-9.194771	1634
3554.128649	-9.381981	1635
3555.157922	-9.032972	1636
3556.204477	-9.696435	1637
3557.228646	-8.906909	1638
3558.269619	-9.395888	1639
3559.294124	-8.972868	1640
3560.338133	-9.397057	1641
3561.364496	-8.927668	1642
3562.408197	-9.369918	1643
3563.434276	-8.965423	1644
3564.480128	-9.464717	1645
3565.504525	-8.878768	1646
3566.547575	-9.503562	1647
3567.574520	-8.918734	1648
3568.616459	-9.280239	1649
3569.643892	-8.958738	1650
3570.685767	-9.556830	1651
3571.714140	-8.866609	1652
3572.754061	-9.167038	1653
3573.783625	-8.915355	1654
3574.824166	-9.128537	1655
3575.854093	-8.556997	1656
3576.892548	-9.409632	1657
3577.925470	-8.867229	1658
3578.961681	-9.273854	1659
3579.995960	-8.986841	1660
3581.029197	-9.215437	1661
3582.063753	-9.114651	1662
3583.101183	-9.237473	1663
3584.134701	-8.924710	1664
3585.168762	-9.058544	1665
3586.203919	-8.974600	1666
3587.240997	-9.086321	1667
3588.273143	-9.001557	1668
3589.308916	-9.133761	1669
3590.339164	-9.015902	1670
3591.378724	-9.074851	1671
3592.408311	-9.160101	1672
3593.448907	-8.927696	1673
3594.476957	-8.997015	1674
3595.520313	-8.940484	1675
3596.546530	-8.875504	1676
3597.591147	-9.088172	1677
3598.614109	-8.806401	1678
3599.661170	-9.025720	1679
3600.684328	-8.907531	1680
3601.731357	-8.990759	1681
3602.754655	-9.010610	1682
3603.800822	-8.900637	1683
3604.822671	-9.059176	1684
3605.869092	-9.109062	1685
3606.892010	-8.975179	1686
3607.939365	-9.098510	1687
3608.962693	-8.804369	1688
3610.006931	-8.894860	1689
3611.034111	-8.865384	1690
3612.078081	-8.877939	1691
3613.104416	-8.810370	1692
3614.145249	-8.876678	1693
3615.175770	-8.897703	1694
3616.214969	-8.826510	1695
3617.244208	-8.705935	1696
3618.282650	-8.868190	1697
3619.314949	-8.707568	1698
3620.351222	-8.989039	1699
3621.386225	-8.865062	1700
3622.419443	-9.009741	1701
3623.454906	-8.763053	1702
3624.489540	-8.931637	1703
3625.523453	-8.865920	1704
3626.558404	-8.946422	1705
3627.594785	-8.613268	1706
3628.626823	-8.840704	1707
3629.663902	-8.408171	1708
3630.699181	-8.914202	1709
3631.729639	-8.525605	1710
3632.768287	-8.873843	1711
3633.800717	-8.468944	1712
3634.838220	-8.867724	1713
3635.868217	-8.456578	1714
3636.906759	-8.849100	1715
3637.938264	-8.439905	1716
3638.976420	-8.821796	1717
3640.008939	-8.407175	1718
3641.047046	-8.832416	1719
