crossing time (s)	slope (V/s)	crossing number
7826.172340	-7.376979	2903
7827.206321	-7.362476	2904
7828.260759	-7.690889	2905
7829.283869	-8.938629	2906
7830.326893	-8.067269	2907
7831.355328	-8.705970	2908
7832.393154	-10.232939	2909
7833.418780	-10.022435	2910
7834.454112	-8.382080	2911
7835.489819	-8.835436	2912
7836.524441	-9.381371	2913
7837.553531	-8.777397	2914
7838.599718	-6.611284	2915
7839.635129	-9.099252	2916
7840.665827	-9.424718	2917
7841.691540	-7.442603	2918
7842.743936	-8.342059	2919
7843.768642	-9.334950	2920
7844.808533	-8.437016	2921
7845.832781	-7.404139	2922
7846.881426	-9.568713	2923
7847.900480	-9.371037	2924
7848.950545	-8.563671	2925
7849.963196	-8.199761	2926
7851.022768	-8.498154	2927
7852.035571	-8.663798	2928
7853.092441	-7.701735	2929
7854.099538	-7.399430	2930
7855.166638	-9.250638	2931
7856.171216	-8.884694	2932
7857.231818	-7.529104	2933
7858.243000	-7.417221	2934
7859.300706	-9.137810	2935
7860.308551	-9.051711	2936
7861.375728	-7.579884	2937
7862.381934	-8.707228	2938
7863.437829	-8.187005	2939
7864.445381	-7.667055	2940
7865.512829	-8.485490	2941
7866.519087	-8.975018	2942
7867.577604	-7.384678	2943
7868.588453	-7.851024	2944
7869.648155	-8.843377	2945
7870.654907	-8.903433	2946
7871.724121	-7.619066	2947
7872.727548	-8.183705	2948
7873.786765	-8.030877	2949
7874.795681	-7.822854	2950
7875.857256	-8.739531	2951
7876.864729	-8.497697	2952
7877.924882	-8.285116	2953
7878.936310	-7.935669	2954
7879.991590	-7.959646	2955
7881.007892	-7.560551	2956
7882.060794	-8.590793	2957
7883.077588	-7.772211	2958
7884.129290	-7.970303	2959
7885.154529	-7.968445	2960
7886.191721	-8.506233	2961
7887.218894	-7.307152	2962
7888.266163	-8.165368	2963
7889.294062	-8.192798	2964
7890.329760	-7.628035	2965
7891.364153	-7.996930	2966
7892.398634	-8.380851	2967
7893.428557	-7.980862	2968
7894.470836	-7.630732	2969
7895.502087	-8.280603	2970
7896.538579	-7.667359	2971
7897.570337	-7.823323	2972
7898.609123	-8.063107	2973
7899.637005	-8.396550	2974
7900.677923	-7.640145	2975
7901.709804	-8.192057	2976
7902.744952	-7.910027	2977
7903.775838	-7.767393	2978
7904.818376	-7.582864	2979
7905.847897	-8.086718	2980
7906.884833	-7.573784	2981
7907.918304	-7.628947	2982
7908.955820	-7.815181	2983
7909.984790	-8.171520	2984
7911.022566	-7.418820	2985
7912.057995	-7.653524	2986
7913.092765	-8.084288	2987
7914.122903	-7.705433	2988
7915.163859	-7.507556	2989
7916.193988	-7.875790	2990
7917.232326	-8.036252	2991
7918.260237	-7.423624	2992
7919.307704	-7.861753	2993
7920.329028	-7.766431	2994
7921.374346	-7.790134	2995
7922.397421	-7.204341	2996
7923.445968	-8.041924	2997
7924.464746	-7.600758	2998
7925.517550	-7.718932	2999
7926.531802	-7.486969	3000
7927.589410	-7.811480	3001
7928.598947	-7.479219	3002
7929.659476	-7.647366	3003
7930.666529	-7.226325	3004
7931.730350	-7.786347	3005
7932.736101	-7.845005	3006
7933.802886	-7.376183	3007
7934.804660	-7.488566	3008
7935.867906	-7.591754	3009
7936.873140	-7.537122	3010
7937.939021	-7.655148	3011
7938.943901	-7.564039	3012
7940.006187	-7.354597	3013
7941.011053	-7.345975	3014
7942.078759	-7.735739	3015
7943.081330	-7.476390	3016
7944.148364	-7.313983	3017
7945.153426	-7.632351	3018
7946.214026	-7.466742	3019
7947.221381	-7.645118	3020
7948.287605	-7.445398	3021
7949.289816	-7.504541	3022
7950.356350	-7.396852	3023
7951.359090	-7.355731	3024
7952.422649	-7.920886	3025
7953.431502	-7.180393	3026
7954.491690	-7.557892	3027
7955.498812	-7.098486	3028
7956.557784	-7.421965	3029
7957.572809	-7.166394	3030
7958.624469	-7.735823	3031
7959.642616	-7.054744	3032
7960.694157	-7.535976	3033
7961.715197	-7.169263	3034
7962.759855	-7.321568	3035
7963.788614	-7.008467	3036
7964.828138	-7.538301	3037
7965.859673	-7.169091	3038
7966.897307	-7.200262	3039
7967.929143	-7.350047	3040
7968.963493	-7.353987	3041
7969.995821	-7.144871	3042
7971.033184	-7.179115	3043
7972.066371	-7.471027	3044
7973.103510	-7.116369	3045
7974.135410	-7.217415	3046
7975.172882	-7.183674	3047
7976.203974	-7.199392	3048
7977.244205	-7.040382	3049
7978.273657	-7.301293	3050
7979.312503	-6.953462	3051
7980.342351	-7.173663	3052
7981.382124	-7.048899	3053
7982.411752	-7.301220	3054
7983.449466	-7.173853	3055
7984.483633	-7.259789	3056
7985.520283	-7.175417	3057
7986.549914	-7.250472	3058
7987.589233	-6.974222	3059
7988.620735	-7.269071	3060
7989.660556	-7.123488	3061
7990.689308	-6.900750	3062
7991.731890	-7.196564	3063
7992.756230	-6.996672	3064
7993.799543	-7.234623	3065
7994.829155	-6.716456	3066
7995.871389	-7.292073	3067
7996.895220	-6.823020	3068
7997.941129	-7.174966	3069
7998.962371	-6.793418	3070
8000.012146	-7.163238	3071
8001.028803	-6.707703	3072
8002.084543	-7.069045	3073
8003.096606	-6.836233	3074
8004.154678	-7.128166	3075
8005.163383	-6.701401	3076
8006.225150	-6.958552	3077
8007.231788	-6.792740	3078
8008.295608	-7.001850	3079
8009.302258	-6.826704	3080
8010.367358	-7.142089	3081
8011.368707	-6.849758	3082
8012.433823	-6.986219	3083
8013.437166	-6.772733	3084
8014.504701	-6.996817	3085
8015.505716	-6.740532	3086
8016.574550	-6.785552	3087
8017.577049	-6.636752	3088
8018.643916	-6.926822	3089
8019.647755	-6.566720	3090
8020.714962	-7.040549	3091
8021.716865	-6.623349	3092
8022.785392	-6.771686	3093
8023.785962	-6.653459	3094
8024.851337	-6.890274	3095
8025.853679	-6.498763	3096
8026.921964	-7.030341	3097
8027.924541	-6.597651	3098
8028.988396	-6.906673	3099
8029.994426	-6.450616	3100
8031.053822	-7.044567	3101
8032.068531	-6.291225	3102
8033.122027	-6.893371	3103
8034.138485	-6.541810	3104
8035.189161	-6.842365	3105
8036.209708	-6.518205	3106
8037.256108	-6.878019	3107
8038.279060	-6.413595	3108
8039.323430	-6.729645	3109
8040.352987	-6.555626	3110
8041.391005	-6.911759	3111
8042.422339	-6.542935	3112
8043.462146	-6.724432	3113
8044.491849	-6.663687	3114
8045.530509	-6.508838	3115
8046.562420	-6.454318	3116
8047.602958	-6.654405	3117
8048.630707	-6.594694	3118
8049.670222	-6.730104	3119
8050.701215	-6.509402	3120
8051.735869	-6.694317	3121
8052.769191	-6.520310	3122
8053.807365	-6.550709	3123
8054.837024	-6.647384	3124
8055.877523	-6.354795	3125
8056.910362	-6.506341	3126
8057.946879	-6.403937	3127
8058.978558	-6.477357	3128
8060.016305	-6.531800	3129
8061.046207	-6.589041	3130
8062.083484	-6.528774	3131
8063.114417	-6.071277	3132
8064.151312	-6.450828	3133
8065.186301	-6.513198	3134
8066.224436	-6.478070	3135
8067.253808	-6.378932	3136
8068.296375	-6.451645	3137
8069.323300	-6.275001	3138
8070.364377	-6.415844	3139
8071.392317	-6.435364	3140
8072.434467	-6.390569	3141
8073.457393	-6.060462	3142
8074.504814	-6.485411	3143
8075.527275	-6.430046	3144
8076.575755	-6.556318	3145
8077.594279	-6.119908	3146
8078.649430	-6.390537	3147
8079.661651	-6.348060	3148
8080.718077	-6.226720	3149
8081.728800	-6.114101	3150
8082.790336	-6.568777	3151
8083.795812	-6.099344	3152
8084.860738	-6.604577	3153
8085.865548	-5.909501	3154
8086.928563	-6.315876	3155
8087.933962	-5.978404	3156
8088.998160	-6.206061	3157
8090.002392	-6.170658	3158
8091.073044	-6.368488	3159
8092.070733	-6.028700	3160
8093.138388	-6.333250	3161
8094.142112	-6.111051	3162
8095.206819	-6.274115	3163
8096.208917	-6.199943	3164
8097.276100	-6.612965	3165
8098.280678	-6.007718	3166
8099.343581	-6.435380	3167
8100.350883	-6.654329	3168
8101.415510	-6.329908	3169
8102.420217	-5.937228	3170
8103.484015	-6.410460	3171
8104.493728	-5.898557	3172
8105.555035	-6.438807	3173
8106.558758	-5.665864	3174
8107.619550	-6.376412	3175
8108.634216	-5.703427	3176
8109.686040	-6.368932	3177
8110.704353	-5.760120	3178
8111.754067	-6.301234	3179
8112.775467	-5.706344	3180
8113.822388	-6.156353	3181
8114.840406	-5.553457	3182
8115.887595	-6.240557	3183
8116.918020	-5.913087	3184
8117.957372	-6.087244	3185
8118.985747	-5.838832	3186
8120.027017	-6.260306	3187
8121.055122	-5.957866	3188
8122.099146	-6.245614	3189
8123.127501	-5.844595	3190
8124.164328	-5.961586	3191
8125.196167	-5.805100	3192
8126.232560	-5.986273	3193
8127.265450	-6.156943	3194
8128.301055	-5.794407	3195
8129.331863	-5.989939	3196
8130.371106	-5.922269	3197
8131.403088	-6.057898	3198
8132.443041	-5.872276	3199
8133.473304	-5.928718	3200
8134.511893	-5.883193	3201
8135.542561	-5.952202	3202
8136.579552	-5.832466	3203
8137.611839	-6.031680	3204
