time (s)	theta (A)	maj axis/z0	min axis/z0	crossing#mod 255
4174.209658	267.805023	0.930749	-0.200254	165
4176.277505	267.851227	0.930980	-0.199694	167
4178.347890	267.729614	0.930670	-0.199068	169
4180.413189	267.258942	0.929390	-0.198848	171
4182.479794	266.687775	0.927873	-0.197884	173
4184.546414	266.178711	0.923549	-0.196948	175
4186.615070	265.888580	0.921754	-0.195827	177
4188.682897	265.727814	0.920835	-0.195663	179
4190.754726	265.717804	0.920683	-0.195069	181
4192.823059	265.712860	0.918695	-0.194493	183
4194.893153	265.577118	0.919167	-0.193955	185
4196.963863	265.602509	0.918643	-0.192796	187
4199.031434	265.431335	0.919226	-0.192744	189
4201.102194	265.203827	0.919240	-0.191859	191
4203.169653	264.896912	0.917956	-0.191327	193
4205.239260	264.551575	0.918114	-0.190518	195
4207.309382	264.514130	0.915527	-0.189695	197
4209.379892	264.556061	0.913753	-0.188449	199
4211.450623	264.902405	0.911012	-0.187768	201
4213.524122	265.520355	0.909390	-0.186845	203
4215.596615	266.053436	0.907307	-0.186035	205
4217.666867	266.305908	0.906844	-0.184887	207
4219.737590	266.254028	0.905900	-0.183693	209
4221.805337	265.887939	0.906279	-0.183198	211
4223.873452	265.400635	0.905970	-0.182693	213
4225.940131	264.948212	0.905828	-0.182129	215
4228.008577	264.565643	0.905220	-0.182115	217
4230.075961	264.201538	0.904923	-0.181985	219
4232.144747	264.016357	0.904292	-0.181346	221
4234.213285	263.899048	0.902920	-0.180636	223
4236.282563	263.759949	0.902613	-0.180179	225
4238.353123	263.751434	0.900604	-0.179444	227
4240.422181	263.759644	0.898453	-0.178287	229
4242.493388	263.773804	0.895791	-0.177139	231
4244.564039	263.863739	0.894372	-0.176349	233
4246.635416	263.981995	0.894999	-0.175866	235
4248.707223	264.121185	0.896399	-0.175344	237
4250.778122	264.243103	0.896292	-0.174421	239
4252.848057	264.272614	0.895565	-0.173817	241
4254.916983	264.222046	0.895379	-0.173235	243
4256.985224	264.023621	0.894149	-0.172985	245
4259.051789	263.584625	0.893633	-0.172397	247
4261.119007	263.152405	0.892247	-0.171915	249
4263.185933	262.729797	0.891089	-0.171591	251
4265.253631	262.399139	0.888591	-0.170640	253
4267.322192	262.218628	0.886941	-0.169912	255
4269.391273	262.144318	0.885897	-0.169565	1
4271.460325	262.046265	0.883848	-0.168728	3
4273.530336	261.919800	0.883947	-0.167971	5
4275.599135	261.830017	0.883641	-0.167336	7
4277.668346	261.702728	0.883983	-0.167025	9
4279.738723	261.532806	0.882382	-0.166105	11
4281.808014	261.427063	0.880406	-0.165044	13
4283.877731	261.352936	0.878923	-0.163982	15
4285.948217	261.412903	0.878631	-0.163707	17
4288.019597	261.533112	0.877180	-0.162733	19
4290.090960	261.881104	0.876019	-0.162577	21
4292.162927	262.255402	0.875307	-0.161624	23
4294.234389	262.667145	0.875054	-0.161320	25
4296.305015	82.883720	-0.875386	0.160612	27
4298.374908	262.864746	0.875256	-0.160117	29
4300.443716	262.657928	0.876639	-0.159607	31
4302.512581	262.354218	0.876050	-0.158917	33
4304.580776	262.040985	0.874616	-0.158191	35
4306.648943	261.771790	0.873917	-0.157719	37
4308.716874	261.533722	0.871385	-0.156879	39
4310.785728	261.343811	0.870554	-0.156207	41
4312.854306	261.180969	0.869895	-0.155784	43
4314.923882	261.090149	0.869637	-0.155333	45
4316.993736	261.061005	0.870189	-0.155045	47
4319.063725	261.054138	0.869867	-0.154368	49
4321.133986	261.089111	0.870078	-0.154092	51
4323.204675	261.122711	0.868888	-0.153108	53
4325.275515	261.232147	0.868378	-0.152123	55
4327.346067	261.303802	0.865851	-0.150897	57
4329.415836	81.334679	-0.865603	0.150093	59
4331.485119	261.234467	0.866514	-0.150692	61
4333.553574	261.087067	0.866542	-0.150243	63
4335.621193	260.827393	0.864985	-0.149776	65
4337.688784	80.446213	-0.864125	0.149024	67
4339.755946	80.125099	-0.862563	0.148721	69
4341.823462	79.844978	-0.860623	0.147893	71
4343.891094	79.586952	-0.858848	0.147118	73
4345.959690	79.404068	-0.856755	0.146326	75
4348.028433	79.265205	-0.856013	0.145735	77
4350.097894	259.184662	0.855139	-0.145217	79
4352.167048	79.119774	-0.853400	0.144260	81
4354.235982	78.921753	-0.852732	0.144046	83
4356.305403	258.820618	0.850833	-0.142660	85
4358.375109	258.740662	0.850570	-0.142435	87
4360.444883	78.651672	-0.849042	0.142089	89
4362.515589	78.722633	-0.848226	0.141293	91
4364.586190	78.779045	-0.847259	0.140574	93
4366.657032	78.970062	-0.846310	0.140035	95
4368.728459	79.248817	-0.844913	0.139752	97
4370.799374	79.542732	-0.843388	0.138803	99
4372.870341	79.765686	-0.843128	0.137652	101
4374.941019	79.960793	-0.843499	0.137548	103
4377.010949	79.962753	-0.843705	0.136740	105
4379.080499	79.844757	-0.843474	0.136347	107
4381.149381	79.721619	-0.842434	0.135469	109
4383.218097	79.503136	-0.841907	0.135134	111
4385.286454	79.305840	-0.841093	0.134791	113
4387.355064	79.078133	-0.841282	0.134627	115
4389.423835	78.945923	-0.840099	0.134383	117
4391.493356	78.840607	-0.839688	0.133919	119
4393.563228	78.730919	-0.839950	0.133324	121
4395.632253	78.650368	-0.839492	0.132908	123
4397.702141	78.709137	-0.838525	0.132365	125
4399.772426	78.751961	-0.838048	0.131897	127
4401.842801	78.743599	-0.837286	0.131231	129
4403.912552	78.699417	-0.836327	0.130441	131
4405.981932	78.706169	-0.834808	0.129800	133
4408.050797	78.600761	-0.834335	0.129397	135
4410.119266	78.449165	-0.833214	0.128923	137
4412.186785	78.239922	-0.831519	0.128334	139
4414.254208	77.999710	-0.830451	0.128242	141
4416.322211	77.781433	-0.829700	0.127521	143
4418.389650	77.514908	-0.827947	0.126672	145
4420.457739	77.278259	-0.825755	0.126013	147
4422.525542	77.099037	-0.823851	0.125171	149
4424.594334	76.961250	-0.821925	0.124547	151
4426.663212	76.840439	-0.821233	0.124232	153
4428.732212	76.721657	-0.820839	0.123665	155
4430.801456	76.669525	-0.819624	0.123184	157
4432.871316	76.519989	-0.819169	0.122690	159
4434.940852	76.487091	-0.819477	0.122362	161
4437.010522	76.448601	-0.819284	0.121932	163
4439.080713	76.476738	-0.819222	0.121703	165
4441.150922	76.550026	-0.817337	0.120899	167
4443.221885	76.682434	-0.816458	0.120368	169
4445.292853	76.828011	-0.815294	0.119900	171
4447.363397	77.074356	-0.814238	0.119152	173
4449.434252	77.236649	-0.814619	0.118978	175
4451.504904	77.429199	-0.815434	0.118608	177
4453.575517	77.483902	-0.815179	0.117915	179
4455.645103	77.492897	-0.815314	0.117646	181
4457.714315	77.431480	-0.814342	0.116879	183
4459.783788	77.322968	-0.814100	0.116312	185
4461.852432	77.181602	-0.813299	0.116059	187
4463.921781	77.047432	-0.813393	0.115518	189
4465.990449	76.929672	-0.813190	0.115387	191
4468.060052	76.837799	-0.812806	0.114920	193
4470.129150	76.716476	-0.812042	0.114240	195
4472.198486	76.686096	-0.810524	0.113483	197
4474.268126	76.661674	-0.809207	0.113070	199
4476.337829	76.624725	-0.808738	0.112548	201
4478.407566	76.612137	-0.807520	0.112144	203
4480.476954	76.554024	-0.805475	0.111215	205
4482.545940	76.505501	-0.802730	0.110412	207
4484.614917	76.438560	-0.802335	0.109882	209
4486.683362	76.295555	-0.803485	0.110022	211
4488.751288	76.185310	-0.802121	0.109631	213
4490.819265	75.931244	-0.801333	0.109240	215
4492.887273	75.756561	-0.800258	0.108845	217
4494.955102	75.507874	-0.798095	0.107755	219
4497.022788	75.325371	-0.796245	0.107390	221
4499.090991	75.201866	-0.796116	0.107112	223
4501.159673	75.089363	-0.795995	0.106934	225
4503.227528	74.928398	-0.794629	0.106427	227
4505.296545	74.813133	-0.793331	0.105963	229
4507.366164	74.760529	-0.794010	0.105790	231
4509.435131	74.686699	-0.793213	0.105453	233
4511.504536	74.620392	-0.792977	0.105158	235
