time (s)	theta (A)	maj axis/z0	min axis/z0	crossing#mod 255
6337.599847	220.789444	1.180400	-0.117905	205
6339.669843	220.833755	1.177403	-0.118095	207
6341.739598	220.755142	1.176469	-0.118170	209
6343.808734	220.571457	1.174121	-0.118657	211
6345.876523	220.164978	1.172382	-0.119232	213
6347.943394	219.617828	1.171599	-0.120007	215
6350.010252	218.921967	1.170600	-0.120018	217
6352.079592	218.529587	1.167005	-0.119221	219
6354.151385	218.806671	1.160638	-0.118034	221
6356.224510	219.559158	1.157204	-0.117697	223
6358.296687	220.227570	1.158607	-0.118442	225
6360.367189	220.241959	1.159889	-0.119366	227
6362.435794	219.948715	1.160555	-0.120345	229
6364.503333	219.374985	1.159403	-0.121073	231
6366.570510	218.972015	1.156432	-0.121060	233
6368.638669	218.637344	1.155191	-0.121242	235
6370.707149	218.446121	1.153096	-0.121039	237
6372.776715	218.354492	1.151014	-0.121024	239
6374.846293	218.328125	1.149356	-0.121233	241
6376.916113	218.352081	1.147643	-0.121434	243
6378.986348	218.402283	1.146859	-0.122033	245
6381.056819	218.450027	1.143927	-0.122121	247
6383.128636	218.474518	1.143050	-0.122646	249
6385.200521	218.582092	1.142431	-0.122706	251
6387.272128	218.708862	1.143648	-0.122314	253
6389.342890	218.732971	1.144719	-0.121908	255
6391.411672	218.700470	1.144239	-0.121957	1
6393.478704	218.473862	1.141834	-0.121625	3
6395.545189	218.073685	1.139279	-0.122128	5
6397.612647	217.805573	1.135162	-0.122433	7
6399.682023	217.782990	1.131647	-0.123385	9
6401.752731	217.795944	1.128271	-0.124225	11
6403.824621	217.821686	1.126173	-0.124178	13
6405.896363	217.908035	1.127992	-0.124119	15
6407.967475	217.997772	1.128462	-0.123939	17
6410.038237	218.118484	1.126028	-0.123639	19
6412.108355	218.169739	1.125562	-0.123879	21
6414.177868	218.171402	1.125383	-0.124189	23
6416.247223	218.084213	1.123524	-0.124092	25
6418.316244	217.945847	1.122120	-0.124686	27
6420.384854	217.731293	1.122099	-0.125592	29
6422.452695	217.417923	1.120554	-0.125767	31
6424.520334	217.003555	1.119051	-0.126234	33
6426.588131	216.617691	1.119155	-0.126232	35
6428.657220	216.270966	1.117380	-0.126088	37
6430.727991	216.228363	1.114771	-0.125142	39
6432.799975	216.594803	1.110233	-0.124353	41
6434.872267	217.091553	1.107535	-0.124385	43
6436.944021	217.579788	1.107957	-0.124872	45
6439.014742	217.744949	1.109399	-0.125645	47
6441.084171	217.627701	1.109899	-0.125913	49
6443.152991	217.341644	1.107702	-0.126199	51
6445.221317	217.023926	1.106983	-0.126837	53
6447.289856	216.738815	1.104865	-0.127214	55
6449.358684	216.498276	1.102656	-0.127228	57
6451.427661	216.373459	1.099962	-0.127121	59
6453.497489	216.305954	1.097832	-0.127182	61
6455.567091	216.282104	1.094976	-0.127262	63
6457.637658	216.258606	1.093783	-0.127299	65
6459.708372	216.346283	1.092679	-0.127299	67
6461.779444	216.373886	1.092959	-0.127499	69
6463.850019	216.466690	1.092698	-0.127133	71
6465.920072	216.437622	1.091750	-0.127059	73
6467.989103	216.359421	1.090294	-0.127153	75
6470.056968	216.139832	1.089403	-0.126960	77
6472.124305	215.810455	1.087108	-0.126929	79
6474.191470	215.503220	1.085809	-0.127223	81
6476.259082	215.256332	1.083685	-0.127812	83
6478.327935	215.145020	1.081377	-0.128569	85
6480.398147	215.126465	1.079529	-0.129018	87
6482.468595	215.165710	1.078816	-0.129663	89
6484.539976	215.181259	1.077446	-0.129556	91
6486.610834	215.210800	1.075625	-0.129370	93
6488.681315	215.234909	1.075024	-0.129096	95
6490.751520	215.303101	1.071230	-0.128811	97
6492.821365	215.241150	1.069927	-0.128944	99
6494.890243	215.172379	1.069973	-0.129377	101
6496.958975	214.951294	1.068345	-0.129507	103
6499.027150	214.697159	1.066694	-0.129804	105
6501.095398	214.448975	1.065613	-0.130038	107
6503.163847	214.107635	1.064186	-0.130013	109
6505.233018	213.879425	1.062259	-0.129677	111
6507.303033	213.749725	1.060157	-0.129228	113
6509.373814	213.830887	1.057238	-0.128885	115
6511.445590	214.192566	1.054577	-0.128564	117
6513.517300	214.579285	1.053257	-0.128615	119
6515.588620	214.965683	1.052989	-0.128918	121
6517.659594	215.144928	1.053212	-0.129452	123
6519.729831	215.123398	1.053126	-0.129771	125
6521.799175	215.017715	1.052345	-0.129987	127
6523.868378	214.822006	1.050794	-0.130254	129
6525.937593	214.614395	1.050823	-0.130969	131
6528.006729	214.497253	1.049373	-0.131153	133
6530.076137	214.338272	1.047859	-0.131133	135
6532.145674	214.262207	1.047776	-0.131482	137
6534.215714	214.177582	1.044881	-0.131329	139
6536.285718	214.149673	1.042527	-0.131333	141
6538.355673	214.188538	1.041704	-0.131559	143
6540.425494	214.173019	1.042921	-0.131811	145
6542.494946	214.095047	1.041476	-0.131811	147
6544.563812	214.012009	1.041919	-0.132175	149
6546.632183	213.753799	1.042613	-0.132546	151
6548.699826	213.452423	1.040994	-0.132479	153
6550.767321	213.140244	1.039755	-0.132347	155
6552.834660	212.807968	1.037328	-0.132549	157
6554.902650	212.721024	1.033255	-0.132510	159
6556.971461	212.550537	1.030984	-0.133065	161
6559.040739	212.439438	1.028602	-0.133517	163
6561.110784	212.453171	1.028426	-0.134198	165
6563.181519	212.441696	1.027606	-0.134677	167
6565.252335	212.482269	1.027377	-0.134489	169
6567.322689	212.562851	1.026680	-0.134762	171
6569.392536	212.470032	1.026461	-0.135217	173
6571.461730	212.392914	1.026793	-0.135658	175
6573.530874	212.279663	1.026021	-0.135848	177
6575.599734	212.096558	1.024409	-0.135801	179
6577.668349	211.890884	1.022617	-0.135769	181
6579.737366	211.686462	1.020498	-0.135552	183
6581.806117	211.514404	1.018032	-0.135209	185
6583.875835	211.352478	1.015905	-0.134920	187
6585.946011	211.294724	1.015996	-0.134631	189
6588.016647	211.348831	1.012805	-0.134159	191
6590.087786	211.532501	1.009471	-0.133890	193
6592.158968	211.872070	1.006940	-0.133474	195
6594.230523	212.128204	1.005862	-0.133674	197
6596.301160	212.386063	1.005283	-0.133669	199
6598.371774	212.508148	1.005107	-0.133832	201
6600.441964	212.533981	1.005068	-0.134330	203
6602.511745	212.461090	1.003488	-0.134305	205
6604.581411	212.312454	1.001755	-0.134091	207
6606.650600	212.235275	1.001885	-0.134731	209
6608.720392	212.131958	0.999439	-0.134592	211
6610.789858	212.020325	0.996620	-0.134552	213
6612.859337	211.947113	0.994763	-0.134226	215
6614.928673	211.875244	0.994764	-0.134606	217
6616.998234	211.833984	0.994373	-0.134674	219
6619.067394	211.685394	0.993068	-0.134567	221
6621.136338	211.527283	0.992166	-0.134912	223
6623.204408	211.284042	0.992321	-0.135230	225
6625.272474	211.034546	0.990971	-0.135218	227
6627.340126	210.715942	0.989818	-0.135458	229
6629.407778	210.436707	0.988978	-0.135507	231
6631.475775	210.256973	0.986967	-0.135261	233
6633.544333	210.109207	0.986371	-0.136199	235
6635.613480	209.961349	0.986834	-0.137135	237
6637.682784	209.936737	0.985405	-0.137661	239
6639.752532	209.910202	0.983927	-0.137950	241
6641.822464	209.860077	0.983282	-0.138475	243
